{
 "cells": [
  {
   "cell_type": "markdown",
   "metadata": {},
   "source": [
    "# Body Fat Percentage Prediction\n",
    "Authors: [RedSkittleFox](https://github.com/RedSkittleFox), [DJAltair](https://github.com/DJAltair)"
   ]
  },
  {
   "cell_type": "markdown",
   "metadata": {},
   "source": [
    "# Get the Data"
   ]
  },
  {
   "cell_type": "markdown",
   "metadata": {},
   "source": [
    "## Load the Data"
   ]
  },
  {
   "cell_type": "code",
   "execution_count": 56,
   "metadata": {},
   "outputs": [
    {
     "data": {
      "text/html": [
       "<div>\n",
       "<style scoped>\n",
       "    .dataframe tbody tr th:only-of-type {\n",
       "        vertical-align: middle;\n",
       "    }\n",
       "\n",
       "    .dataframe tbody tr th {\n",
       "        vertical-align: top;\n",
       "    }\n",
       "\n",
       "    .dataframe thead th {\n",
       "        text-align: right;\n",
       "    }\n",
       "</style>\n",
       "<table border=\"1\" class=\"dataframe\">\n",
       "  <thead>\n",
       "    <tr style=\"text-align: right;\">\n",
       "      <th></th>\n",
       "      <th>Density</th>\n",
       "      <th>Pct.BF</th>\n",
       "      <th>Age</th>\n",
       "      <th>Weight</th>\n",
       "      <th>Height</th>\n",
       "      <th>Neck</th>\n",
       "      <th>Chest</th>\n",
       "      <th>Abdomen</th>\n",
       "      <th>Waist</th>\n",
       "      <th>Hip</th>\n",
       "      <th>Thigh</th>\n",
       "      <th>Knee</th>\n",
       "      <th>Ankle</th>\n",
       "      <th>Bicep</th>\n",
       "      <th>Forearm</th>\n",
       "      <th>Wrist</th>\n",
       "    </tr>\n",
       "  </thead>\n",
       "  <tbody>\n",
       "    <tr>\n",
       "      <th>0</th>\n",
       "      <td>1.0708</td>\n",
       "      <td>12.3</td>\n",
       "      <td>23</td>\n",
       "      <td>154.25</td>\n",
       "      <td>67.75</td>\n",
       "      <td>36.2</td>\n",
       "      <td>93.1</td>\n",
       "      <td>85.2</td>\n",
       "      <td>33.543307</td>\n",
       "      <td>94.5</td>\n",
       "      <td>59.0</td>\n",
       "      <td>37.3</td>\n",
       "      <td>21.9</td>\n",
       "      <td>32.0</td>\n",
       "      <td>27.4</td>\n",
       "      <td>17.1</td>\n",
       "    </tr>\n",
       "    <tr>\n",
       "      <th>1</th>\n",
       "      <td>1.0853</td>\n",
       "      <td>6.1</td>\n",
       "      <td>22</td>\n",
       "      <td>173.25</td>\n",
       "      <td>72.25</td>\n",
       "      <td>38.5</td>\n",
       "      <td>93.6</td>\n",
       "      <td>83.0</td>\n",
       "      <td>32.677165</td>\n",
       "      <td>98.7</td>\n",
       "      <td>58.7</td>\n",
       "      <td>37.3</td>\n",
       "      <td>23.4</td>\n",
       "      <td>30.5</td>\n",
       "      <td>28.9</td>\n",
       "      <td>18.2</td>\n",
       "    </tr>\n",
       "    <tr>\n",
       "      <th>2</th>\n",
       "      <td>1.0414</td>\n",
       "      <td>25.3</td>\n",
       "      <td>22</td>\n",
       "      <td>154.00</td>\n",
       "      <td>66.25</td>\n",
       "      <td>34.0</td>\n",
       "      <td>95.8</td>\n",
       "      <td>87.9</td>\n",
       "      <td>34.606299</td>\n",
       "      <td>99.2</td>\n",
       "      <td>59.6</td>\n",
       "      <td>38.9</td>\n",
       "      <td>24.0</td>\n",
       "      <td>28.8</td>\n",
       "      <td>25.2</td>\n",
       "      <td>16.6</td>\n",
       "    </tr>\n",
       "    <tr>\n",
       "      <th>3</th>\n",
       "      <td>1.0751</td>\n",
       "      <td>10.4</td>\n",
       "      <td>26</td>\n",
       "      <td>184.75</td>\n",
       "      <td>72.25</td>\n",
       "      <td>37.4</td>\n",
       "      <td>101.8</td>\n",
       "      <td>86.4</td>\n",
       "      <td>34.015748</td>\n",
       "      <td>101.2</td>\n",
       "      <td>60.1</td>\n",
       "      <td>37.3</td>\n",
       "      <td>22.8</td>\n",
       "      <td>32.4</td>\n",
       "      <td>29.4</td>\n",
       "      <td>18.2</td>\n",
       "    </tr>\n",
       "    <tr>\n",
       "      <th>4</th>\n",
       "      <td>1.0340</td>\n",
       "      <td>28.7</td>\n",
       "      <td>24</td>\n",
       "      <td>184.25</td>\n",
       "      <td>71.25</td>\n",
       "      <td>34.4</td>\n",
       "      <td>97.3</td>\n",
       "      <td>100.0</td>\n",
       "      <td>39.370079</td>\n",
       "      <td>101.9</td>\n",
       "      <td>63.2</td>\n",
       "      <td>42.2</td>\n",
       "      <td>24.0</td>\n",
       "      <td>32.2</td>\n",
       "      <td>27.7</td>\n",
       "      <td>17.7</td>\n",
       "    </tr>\n",
       "  </tbody>\n",
       "</table>\n",
       "</div>"
      ],
      "text/plain": [
       "   Density  Pct.BF  Age  Weight  Height  Neck  Chest  Abdomen      Waist  \\\n",
       "0   1.0708    12.3   23  154.25   67.75  36.2   93.1     85.2  33.543307   \n",
       "1   1.0853     6.1   22  173.25   72.25  38.5   93.6     83.0  32.677165   \n",
       "2   1.0414    25.3   22  154.00   66.25  34.0   95.8     87.9  34.606299   \n",
       "3   1.0751    10.4   26  184.75   72.25  37.4  101.8     86.4  34.015748   \n",
       "4   1.0340    28.7   24  184.25   71.25  34.4   97.3    100.0  39.370079   \n",
       "\n",
       "     Hip  Thigh  Knee  Ankle  Bicep  Forearm  Wrist  \n",
       "0   94.5   59.0  37.3   21.9   32.0     27.4   17.1  \n",
       "1   98.7   58.7  37.3   23.4   30.5     28.9   18.2  \n",
       "2   99.2   59.6  38.9   24.0   28.8     25.2   16.6  \n",
       "3  101.2   60.1  37.3   22.8   32.4     29.4   18.2  \n",
       "4  101.9   63.2  42.2   24.0   32.2     27.7   17.7  "
      ]
     },
     "execution_count": 56,
     "metadata": {},
     "output_type": "execute_result"
    }
   ],
   "source": [
    "import os\n",
    "import pandas as pd\n",
    "import numpy as np \n",
    "\n",
    "pctbf_all : pd.DataFrame = pd.read_csv(os.path.join(\"data\", \"pctbf_data.csv\"), sep=\"\\t\")\n",
    "pctbf_all.head()"
   ]
  },
  {
   "cell_type": "markdown",
   "metadata": {},
   "source": [
    "## Create the Test and Train Sets"
   ]
  },
  {
   "cell_type": "code",
   "execution_count": 57,
   "metadata": {},
   "outputs": [],
   "source": [
    "from sklearn.model_selection import train_test_split\n",
    "\n",
    "pctbf_data, pctbf_test = train_test_split(pctbf_all, test_size=0.2, random_state=42)"
   ]
  },
  {
   "cell_type": "markdown",
   "metadata": {},
   "source": [
    "## Discover the Data"
   ]
  },
  {
   "cell_type": "code",
   "execution_count": 58,
   "metadata": {},
   "outputs": [
    {
     "data": {
      "text/html": [
       "<div>\n",
       "<style scoped>\n",
       "    .dataframe tbody tr th:only-of-type {\n",
       "        vertical-align: middle;\n",
       "    }\n",
       "\n",
       "    .dataframe tbody tr th {\n",
       "        vertical-align: top;\n",
       "    }\n",
       "\n",
       "    .dataframe thead th {\n",
       "        text-align: right;\n",
       "    }\n",
       "</style>\n",
       "<table border=\"1\" class=\"dataframe\">\n",
       "  <thead>\n",
       "    <tr style=\"text-align: right;\">\n",
       "      <th></th>\n",
       "      <th>Density</th>\n",
       "      <th>Pct.BF</th>\n",
       "      <th>Age</th>\n",
       "      <th>Weight</th>\n",
       "      <th>Height</th>\n",
       "      <th>Neck</th>\n",
       "      <th>Chest</th>\n",
       "      <th>Abdomen</th>\n",
       "      <th>Waist</th>\n",
       "      <th>Hip</th>\n",
       "      <th>Thigh</th>\n",
       "      <th>Knee</th>\n",
       "      <th>Ankle</th>\n",
       "      <th>Bicep</th>\n",
       "      <th>Forearm</th>\n",
       "      <th>Wrist</th>\n",
       "    </tr>\n",
       "  </thead>\n",
       "  <tbody>\n",
       "    <tr>\n",
       "      <th>count</th>\n",
       "      <td>250.000000</td>\n",
       "      <td>250.0000</td>\n",
       "      <td>250.000000</td>\n",
       "      <td>250.000000</td>\n",
       "      <td>250.000000</td>\n",
       "      <td>250.000000</td>\n",
       "      <td>250.000000</td>\n",
       "      <td>250.000000</td>\n",
       "      <td>250.000000</td>\n",
       "      <td>250.000000</td>\n",
       "      <td>250.000000</td>\n",
       "      <td>250.000000</td>\n",
       "      <td>250.000000</td>\n",
       "      <td>250.000000</td>\n",
       "      <td>250.000000</td>\n",
       "      <td>250.000000</td>\n",
       "    </tr>\n",
       "    <tr>\n",
       "      <th>mean</th>\n",
       "      <td>1.055838</td>\n",
       "      <td>19.0316</td>\n",
       "      <td>44.884000</td>\n",
       "      <td>178.083200</td>\n",
       "      <td>70.303000</td>\n",
       "      <td>37.944800</td>\n",
       "      <td>100.662000</td>\n",
       "      <td>92.286800</td>\n",
       "      <td>36.333386</td>\n",
       "      <td>99.651200</td>\n",
       "      <td>59.249600</td>\n",
       "      <td>38.532800</td>\n",
       "      <td>23.074000</td>\n",
       "      <td>32.217200</td>\n",
       "      <td>28.662400</td>\n",
       "      <td>18.220400</td>\n",
       "    </tr>\n",
       "    <tr>\n",
       "      <th>std</th>\n",
       "      <td>0.018875</td>\n",
       "      <td>8.2940</td>\n",
       "      <td>12.652227</td>\n",
       "      <td>27.035488</td>\n",
       "      <td>2.616644</td>\n",
       "      <td>2.290454</td>\n",
       "      <td>8.153765</td>\n",
       "      <td>10.207444</td>\n",
       "      <td>4.018679</td>\n",
       "      <td>6.443634</td>\n",
       "      <td>4.912309</td>\n",
       "      <td>2.314136</td>\n",
       "      <td>1.650436</td>\n",
       "      <td>2.922449</td>\n",
       "      <td>2.028677</td>\n",
       "      <td>0.913983</td>\n",
       "    </tr>\n",
       "    <tr>\n",
       "      <th>min</th>\n",
       "      <td>0.995000</td>\n",
       "      <td>0.0000</td>\n",
       "      <td>22.000000</td>\n",
       "      <td>118.500000</td>\n",
       "      <td>64.000000</td>\n",
       "      <td>31.100000</td>\n",
       "      <td>79.300000</td>\n",
       "      <td>69.400000</td>\n",
       "      <td>27.322835</td>\n",
       "      <td>85.000000</td>\n",
       "      <td>47.200000</td>\n",
       "      <td>33.000000</td>\n",
       "      <td>19.100000</td>\n",
       "      <td>24.800000</td>\n",
       "      <td>21.000000</td>\n",
       "      <td>15.800000</td>\n",
       "    </tr>\n",
       "    <tr>\n",
       "      <th>25%</th>\n",
       "      <td>1.041650</td>\n",
       "      <td>12.4250</td>\n",
       "      <td>35.250000</td>\n",
       "      <td>158.500000</td>\n",
       "      <td>68.250000</td>\n",
       "      <td>36.400000</td>\n",
       "      <td>94.250000</td>\n",
       "      <td>84.525000</td>\n",
       "      <td>33.277559</td>\n",
       "      <td>95.500000</td>\n",
       "      <td>56.000000</td>\n",
       "      <td>36.925000</td>\n",
       "      <td>22.000000</td>\n",
       "      <td>30.200000</td>\n",
       "      <td>27.300000</td>\n",
       "      <td>17.600000</td>\n",
       "    </tr>\n",
       "    <tr>\n",
       "      <th>50%</th>\n",
       "      <td>1.054950</td>\n",
       "      <td>19.2000</td>\n",
       "      <td>43.000000</td>\n",
       "      <td>176.125000</td>\n",
       "      <td>70.000000</td>\n",
       "      <td>38.000000</td>\n",
       "      <td>99.600000</td>\n",
       "      <td>90.900000</td>\n",
       "      <td>35.787402</td>\n",
       "      <td>99.300000</td>\n",
       "      <td>58.950000</td>\n",
       "      <td>38.450000</td>\n",
       "      <td>22.800000</td>\n",
       "      <td>32.000000</td>\n",
       "      <td>28.700000</td>\n",
       "      <td>18.300000</td>\n",
       "    </tr>\n",
       "    <tr>\n",
       "      <th>75%</th>\n",
       "      <td>1.070400</td>\n",
       "      <td>25.2000</td>\n",
       "      <td>54.000000</td>\n",
       "      <td>196.750000</td>\n",
       "      <td>72.250000</td>\n",
       "      <td>39.400000</td>\n",
       "      <td>105.300000</td>\n",
       "      <td>99.175000</td>\n",
       "      <td>39.045276</td>\n",
       "      <td>103.175000</td>\n",
       "      <td>62.250000</td>\n",
       "      <td>39.875000</td>\n",
       "      <td>24.000000</td>\n",
       "      <td>34.300000</td>\n",
       "      <td>30.000000</td>\n",
       "      <td>18.800000</td>\n",
       "    </tr>\n",
       "    <tr>\n",
       "      <th>max</th>\n",
       "      <td>1.108900</td>\n",
       "      <td>47.5000</td>\n",
       "      <td>81.000000</td>\n",
       "      <td>262.750000</td>\n",
       "      <td>77.750000</td>\n",
       "      <td>43.900000</td>\n",
       "      <td>128.300000</td>\n",
       "      <td>126.200000</td>\n",
       "      <td>49.685039</td>\n",
       "      <td>125.600000</td>\n",
       "      <td>74.400000</td>\n",
       "      <td>46.000000</td>\n",
       "      <td>33.900000</td>\n",
       "      <td>39.100000</td>\n",
       "      <td>34.900000</td>\n",
       "      <td>21.400000</td>\n",
       "    </tr>\n",
       "  </tbody>\n",
       "</table>\n",
       "</div>"
      ],
      "text/plain": [
       "          Density    Pct.BF         Age      Weight      Height        Neck  \\\n",
       "count  250.000000  250.0000  250.000000  250.000000  250.000000  250.000000   \n",
       "mean     1.055838   19.0316   44.884000  178.083200   70.303000   37.944800   \n",
       "std      0.018875    8.2940   12.652227   27.035488    2.616644    2.290454   \n",
       "min      0.995000    0.0000   22.000000  118.500000   64.000000   31.100000   \n",
       "25%      1.041650   12.4250   35.250000  158.500000   68.250000   36.400000   \n",
       "50%      1.054950   19.2000   43.000000  176.125000   70.000000   38.000000   \n",
       "75%      1.070400   25.2000   54.000000  196.750000   72.250000   39.400000   \n",
       "max      1.108900   47.5000   81.000000  262.750000   77.750000   43.900000   \n",
       "\n",
       "            Chest     Abdomen       Waist         Hip       Thigh        Knee  \\\n",
       "count  250.000000  250.000000  250.000000  250.000000  250.000000  250.000000   \n",
       "mean   100.662000   92.286800   36.333386   99.651200   59.249600   38.532800   \n",
       "std      8.153765   10.207444    4.018679    6.443634    4.912309    2.314136   \n",
       "min     79.300000   69.400000   27.322835   85.000000   47.200000   33.000000   \n",
       "25%     94.250000   84.525000   33.277559   95.500000   56.000000   36.925000   \n",
       "50%     99.600000   90.900000   35.787402   99.300000   58.950000   38.450000   \n",
       "75%    105.300000   99.175000   39.045276  103.175000   62.250000   39.875000   \n",
       "max    128.300000  126.200000   49.685039  125.600000   74.400000   46.000000   \n",
       "\n",
       "            Ankle       Bicep     Forearm       Wrist  \n",
       "count  250.000000  250.000000  250.000000  250.000000  \n",
       "mean    23.074000   32.217200   28.662400   18.220400  \n",
       "std      1.650436    2.922449    2.028677    0.913983  \n",
       "min     19.100000   24.800000   21.000000   15.800000  \n",
       "25%     22.000000   30.200000   27.300000   17.600000  \n",
       "50%     22.800000   32.000000   28.700000   18.300000  \n",
       "75%     24.000000   34.300000   30.000000   18.800000  \n",
       "max     33.900000   39.100000   34.900000   21.400000  "
      ]
     },
     "execution_count": 58,
     "metadata": {},
     "output_type": "execute_result"
    }
   ],
   "source": [
    "pctbf_all.describe()"
   ]
  },
  {
   "cell_type": "code",
   "execution_count": 59,
   "metadata": {},
   "outputs": [
    {
     "data": {
      "text/html": [
       "<div>\n",
       "<style scoped>\n",
       "    .dataframe tbody tr th:only-of-type {\n",
       "        vertical-align: middle;\n",
       "    }\n",
       "\n",
       "    .dataframe tbody tr th {\n",
       "        vertical-align: top;\n",
       "    }\n",
       "\n",
       "    .dataframe thead th {\n",
       "        text-align: right;\n",
       "    }\n",
       "</style>\n",
       "<table border=\"1\" class=\"dataframe\">\n",
       "  <thead>\n",
       "    <tr style=\"text-align: right;\">\n",
       "      <th></th>\n",
       "      <th>Density</th>\n",
       "      <th>Pct.BF</th>\n",
       "      <th>Age</th>\n",
       "      <th>Weight</th>\n",
       "      <th>Height</th>\n",
       "      <th>Neck</th>\n",
       "      <th>Chest</th>\n",
       "      <th>Abdomen</th>\n",
       "      <th>Waist</th>\n",
       "      <th>Hip</th>\n",
       "      <th>Thigh</th>\n",
       "      <th>Knee</th>\n",
       "      <th>Ankle</th>\n",
       "      <th>Bicep</th>\n",
       "      <th>Forearm</th>\n",
       "      <th>Wrist</th>\n",
       "    </tr>\n",
       "  </thead>\n",
       "  <tbody>\n",
       "    <tr>\n",
       "      <th>Density</th>\n",
       "      <td>1.000000</td>\n",
       "      <td>-0.987480</td>\n",
       "      <td>-0.280862</td>\n",
       "      <td>-0.598372</td>\n",
       "      <td>0.043423</td>\n",
       "      <td>-0.470465</td>\n",
       "      <td>-0.680275</td>\n",
       "      <td>-0.809042</td>\n",
       "      <td>-0.809042</td>\n",
       "      <td>-0.616443</td>\n",
       "      <td>-0.542792</td>\n",
       "      <td>-0.478874</td>\n",
       "      <td>-0.244258</td>\n",
       "      <td>-0.475840</td>\n",
       "      <td>-0.354636</td>\n",
       "      <td>-0.317813</td>\n",
       "    </tr>\n",
       "    <tr>\n",
       "      <th>Pct.BF</th>\n",
       "      <td>-0.987480</td>\n",
       "      <td>1.000000</td>\n",
       "      <td>0.295051</td>\n",
       "      <td>0.617299</td>\n",
       "      <td>-0.029390</td>\n",
       "      <td>0.488524</td>\n",
       "      <td>0.700670</td>\n",
       "      <td>0.823685</td>\n",
       "      <td>0.823685</td>\n",
       "      <td>0.632675</td>\n",
       "      <td>0.548550</td>\n",
       "      <td>0.492308</td>\n",
       "      <td>0.244556</td>\n",
       "      <td>0.481538</td>\n",
       "      <td>0.364709</td>\n",
       "      <td>0.339008</td>\n",
       "    </tr>\n",
       "    <tr>\n",
       "      <th>Age</th>\n",
       "      <td>-0.280862</td>\n",
       "      <td>0.295051</td>\n",
       "      <td>1.000000</td>\n",
       "      <td>-0.016055</td>\n",
       "      <td>-0.245887</td>\n",
       "      <td>0.118738</td>\n",
       "      <td>0.181815</td>\n",
       "      <td>0.242780</td>\n",
       "      <td>0.242780</td>\n",
       "      <td>-0.058134</td>\n",
       "      <td>-0.216084</td>\n",
       "      <td>0.017194</td>\n",
       "      <td>-0.109616</td>\n",
       "      <td>-0.044141</td>\n",
       "      <td>-0.085116</td>\n",
       "      <td>0.217506</td>\n",
       "    </tr>\n",
       "    <tr>\n",
       "      <th>Weight</th>\n",
       "      <td>-0.598372</td>\n",
       "      <td>0.617299</td>\n",
       "      <td>-0.016055</td>\n",
       "      <td>1.000000</td>\n",
       "      <td>0.512913</td>\n",
       "      <td>0.810014</td>\n",
       "      <td>0.891286</td>\n",
       "      <td>0.873735</td>\n",
       "      <td>0.873735</td>\n",
       "      <td>0.932691</td>\n",
       "      <td>0.852116</td>\n",
       "      <td>0.842744</td>\n",
       "      <td>0.580906</td>\n",
       "      <td>0.785214</td>\n",
       "      <td>0.683333</td>\n",
       "      <td>0.725104</td>\n",
       "    </tr>\n",
       "    <tr>\n",
       "      <th>Height</th>\n",
       "      <td>0.043423</td>\n",
       "      <td>-0.029390</td>\n",
       "      <td>-0.245887</td>\n",
       "      <td>0.512913</td>\n",
       "      <td>1.000000</td>\n",
       "      <td>0.324664</td>\n",
       "      <td>0.223590</td>\n",
       "      <td>0.186690</td>\n",
       "      <td>0.186690</td>\n",
       "      <td>0.396724</td>\n",
       "      <td>0.349590</td>\n",
       "      <td>0.512906</td>\n",
       "      <td>0.394547</td>\n",
       "      <td>0.318573</td>\n",
       "      <td>0.321990</td>\n",
       "      <td>0.396985</td>\n",
       "    </tr>\n",
       "    <tr>\n",
       "      <th>Neck</th>\n",
       "      <td>-0.470465</td>\n",
       "      <td>0.488524</td>\n",
       "      <td>0.118738</td>\n",
       "      <td>0.810014</td>\n",
       "      <td>0.324664</td>\n",
       "      <td>1.000000</td>\n",
       "      <td>0.768811</td>\n",
       "      <td>0.728487</td>\n",
       "      <td>0.728487</td>\n",
       "      <td>0.707518</td>\n",
       "      <td>0.668847</td>\n",
       "      <td>0.648166</td>\n",
       "      <td>0.434398</td>\n",
       "      <td>0.708525</td>\n",
       "      <td>0.660787</td>\n",
       "      <td>0.731185</td>\n",
       "    </tr>\n",
       "    <tr>\n",
       "      <th>Chest</th>\n",
       "      <td>-0.680275</td>\n",
       "      <td>0.700670</td>\n",
       "      <td>0.181815</td>\n",
       "      <td>0.891286</td>\n",
       "      <td>0.223590</td>\n",
       "      <td>0.768811</td>\n",
       "      <td>1.000000</td>\n",
       "      <td>0.910069</td>\n",
       "      <td>0.910069</td>\n",
       "      <td>0.824908</td>\n",
       "      <td>0.707588</td>\n",
       "      <td>0.697603</td>\n",
       "      <td>0.447086</td>\n",
       "      <td>0.706891</td>\n",
       "      <td>0.599353</td>\n",
       "      <td>0.644477</td>\n",
       "    </tr>\n",
       "    <tr>\n",
       "      <th>Abdomen</th>\n",
       "      <td>-0.809042</td>\n",
       "      <td>0.823685</td>\n",
       "      <td>0.242780</td>\n",
       "      <td>0.873735</td>\n",
       "      <td>0.186690</td>\n",
       "      <td>0.728487</td>\n",
       "      <td>0.910069</td>\n",
       "      <td>1.000000</td>\n",
       "      <td>1.000000</td>\n",
       "      <td>0.860517</td>\n",
       "      <td>0.737008</td>\n",
       "      <td>0.710425</td>\n",
       "      <td>0.407464</td>\n",
       "      <td>0.656316</td>\n",
       "      <td>0.530138</td>\n",
       "      <td>0.602325</td>\n",
       "    </tr>\n",
       "    <tr>\n",
       "      <th>Waist</th>\n",
       "      <td>-0.809042</td>\n",
       "      <td>0.823685</td>\n",
       "      <td>0.242780</td>\n",
       "      <td>0.873735</td>\n",
       "      <td>0.186690</td>\n",
       "      <td>0.728487</td>\n",
       "      <td>0.910069</td>\n",
       "      <td>1.000000</td>\n",
       "      <td>1.000000</td>\n",
       "      <td>0.860517</td>\n",
       "      <td>0.737008</td>\n",
       "      <td>0.710425</td>\n",
       "      <td>0.407464</td>\n",
       "      <td>0.656316</td>\n",
       "      <td>0.530138</td>\n",
       "      <td>0.602325</td>\n",
       "    </tr>\n",
       "    <tr>\n",
       "      <th>Hip</th>\n",
       "      <td>-0.616443</td>\n",
       "      <td>0.632675</td>\n",
       "      <td>-0.058134</td>\n",
       "      <td>0.932691</td>\n",
       "      <td>0.396724</td>\n",
       "      <td>0.707518</td>\n",
       "      <td>0.824908</td>\n",
       "      <td>0.860517</td>\n",
       "      <td>0.860517</td>\n",
       "      <td>1.000000</td>\n",
       "      <td>0.881130</td>\n",
       "      <td>0.809155</td>\n",
       "      <td>0.521185</td>\n",
       "      <td>0.721649</td>\n",
       "      <td>0.603274</td>\n",
       "      <td>0.626401</td>\n",
       "    </tr>\n",
       "    <tr>\n",
       "      <th>Thigh</th>\n",
       "      <td>-0.542792</td>\n",
       "      <td>0.548550</td>\n",
       "      <td>-0.216084</td>\n",
       "      <td>0.852116</td>\n",
       "      <td>0.349590</td>\n",
       "      <td>0.668847</td>\n",
       "      <td>0.707588</td>\n",
       "      <td>0.737008</td>\n",
       "      <td>0.737008</td>\n",
       "      <td>0.881130</td>\n",
       "      <td>1.000000</td>\n",
       "      <td>0.777474</td>\n",
       "      <td>0.503554</td>\n",
       "      <td>0.744016</td>\n",
       "      <td>0.604301</td>\n",
       "      <td>0.543670</td>\n",
       "    </tr>\n",
       "    <tr>\n",
       "      <th>Knee</th>\n",
       "      <td>-0.478874</td>\n",
       "      <td>0.492308</td>\n",
       "      <td>0.017194</td>\n",
       "      <td>0.842744</td>\n",
       "      <td>0.512906</td>\n",
       "      <td>0.648166</td>\n",
       "      <td>0.697603</td>\n",
       "      <td>0.710425</td>\n",
       "      <td>0.710425</td>\n",
       "      <td>0.809155</td>\n",
       "      <td>0.777474</td>\n",
       "      <td>1.000000</td>\n",
       "      <td>0.585158</td>\n",
       "      <td>0.654161</td>\n",
       "      <td>0.578554</td>\n",
       "      <td>0.655728</td>\n",
       "    </tr>\n",
       "    <tr>\n",
       "      <th>Ankle</th>\n",
       "      <td>-0.244258</td>\n",
       "      <td>0.244556</td>\n",
       "      <td>-0.109616</td>\n",
       "      <td>0.580906</td>\n",
       "      <td>0.394547</td>\n",
       "      <td>0.434398</td>\n",
       "      <td>0.447086</td>\n",
       "      <td>0.407464</td>\n",
       "      <td>0.407464</td>\n",
       "      <td>0.521185</td>\n",
       "      <td>0.503554</td>\n",
       "      <td>0.585158</td>\n",
       "      <td>1.000000</td>\n",
       "      <td>0.449042</td>\n",
       "      <td>0.429429</td>\n",
       "      <td>0.544988</td>\n",
       "    </tr>\n",
       "    <tr>\n",
       "      <th>Bicep</th>\n",
       "      <td>-0.475840</td>\n",
       "      <td>0.481538</td>\n",
       "      <td>-0.044141</td>\n",
       "      <td>0.785214</td>\n",
       "      <td>0.318573</td>\n",
       "      <td>0.708525</td>\n",
       "      <td>0.706891</td>\n",
       "      <td>0.656316</td>\n",
       "      <td>0.656316</td>\n",
       "      <td>0.721649</td>\n",
       "      <td>0.744016</td>\n",
       "      <td>0.654161</td>\n",
       "      <td>0.449042</td>\n",
       "      <td>1.000000</td>\n",
       "      <td>0.701097</td>\n",
       "      <td>0.613674</td>\n",
       "    </tr>\n",
       "    <tr>\n",
       "      <th>Forearm</th>\n",
       "      <td>-0.354636</td>\n",
       "      <td>0.364709</td>\n",
       "      <td>-0.085116</td>\n",
       "      <td>0.683333</td>\n",
       "      <td>0.321990</td>\n",
       "      <td>0.660787</td>\n",
       "      <td>0.599353</td>\n",
       "      <td>0.530138</td>\n",
       "      <td>0.530138</td>\n",
       "      <td>0.603274</td>\n",
       "      <td>0.604301</td>\n",
       "      <td>0.578554</td>\n",
       "      <td>0.429429</td>\n",
       "      <td>0.701097</td>\n",
       "      <td>1.000000</td>\n",
       "      <td>0.598328</td>\n",
       "    </tr>\n",
       "    <tr>\n",
       "      <th>Wrist</th>\n",
       "      <td>-0.317813</td>\n",
       "      <td>0.339008</td>\n",
       "      <td>0.217506</td>\n",
       "      <td>0.725104</td>\n",
       "      <td>0.396985</td>\n",
       "      <td>0.731185</td>\n",
       "      <td>0.644477</td>\n",
       "      <td>0.602325</td>\n",
       "      <td>0.602325</td>\n",
       "      <td>0.626401</td>\n",
       "      <td>0.543670</td>\n",
       "      <td>0.655728</td>\n",
       "      <td>0.544988</td>\n",
       "      <td>0.613674</td>\n",
       "      <td>0.598328</td>\n",
       "      <td>1.000000</td>\n",
       "    </tr>\n",
       "  </tbody>\n",
       "</table>\n",
       "</div>"
      ],
      "text/plain": [
       "          Density    Pct.BF       Age    Weight    Height      Neck     Chest  \\\n",
       "Density  1.000000 -0.987480 -0.280862 -0.598372  0.043423 -0.470465 -0.680275   \n",
       "Pct.BF  -0.987480  1.000000  0.295051  0.617299 -0.029390  0.488524  0.700670   \n",
       "Age     -0.280862  0.295051  1.000000 -0.016055 -0.245887  0.118738  0.181815   \n",
       "Weight  -0.598372  0.617299 -0.016055  1.000000  0.512913  0.810014  0.891286   \n",
       "Height   0.043423 -0.029390 -0.245887  0.512913  1.000000  0.324664  0.223590   \n",
       "Neck    -0.470465  0.488524  0.118738  0.810014  0.324664  1.000000  0.768811   \n",
       "Chest   -0.680275  0.700670  0.181815  0.891286  0.223590  0.768811  1.000000   \n",
       "Abdomen -0.809042  0.823685  0.242780  0.873735  0.186690  0.728487  0.910069   \n",
       "Waist   -0.809042  0.823685  0.242780  0.873735  0.186690  0.728487  0.910069   \n",
       "Hip     -0.616443  0.632675 -0.058134  0.932691  0.396724  0.707518  0.824908   \n",
       "Thigh   -0.542792  0.548550 -0.216084  0.852116  0.349590  0.668847  0.707588   \n",
       "Knee    -0.478874  0.492308  0.017194  0.842744  0.512906  0.648166  0.697603   \n",
       "Ankle   -0.244258  0.244556 -0.109616  0.580906  0.394547  0.434398  0.447086   \n",
       "Bicep   -0.475840  0.481538 -0.044141  0.785214  0.318573  0.708525  0.706891   \n",
       "Forearm -0.354636  0.364709 -0.085116  0.683333  0.321990  0.660787  0.599353   \n",
       "Wrist   -0.317813  0.339008  0.217506  0.725104  0.396985  0.731185  0.644477   \n",
       "\n",
       "          Abdomen     Waist       Hip     Thigh      Knee     Ankle     Bicep  \\\n",
       "Density -0.809042 -0.809042 -0.616443 -0.542792 -0.478874 -0.244258 -0.475840   \n",
       "Pct.BF   0.823685  0.823685  0.632675  0.548550  0.492308  0.244556  0.481538   \n",
       "Age      0.242780  0.242780 -0.058134 -0.216084  0.017194 -0.109616 -0.044141   \n",
       "Weight   0.873735  0.873735  0.932691  0.852116  0.842744  0.580906  0.785214   \n",
       "Height   0.186690  0.186690  0.396724  0.349590  0.512906  0.394547  0.318573   \n",
       "Neck     0.728487  0.728487  0.707518  0.668847  0.648166  0.434398  0.708525   \n",
       "Chest    0.910069  0.910069  0.824908  0.707588  0.697603  0.447086  0.706891   \n",
       "Abdomen  1.000000  1.000000  0.860517  0.737008  0.710425  0.407464  0.656316   \n",
       "Waist    1.000000  1.000000  0.860517  0.737008  0.710425  0.407464  0.656316   \n",
       "Hip      0.860517  0.860517  1.000000  0.881130  0.809155  0.521185  0.721649   \n",
       "Thigh    0.737008  0.737008  0.881130  1.000000  0.777474  0.503554  0.744016   \n",
       "Knee     0.710425  0.710425  0.809155  0.777474  1.000000  0.585158  0.654161   \n",
       "Ankle    0.407464  0.407464  0.521185  0.503554  0.585158  1.000000  0.449042   \n",
       "Bicep    0.656316  0.656316  0.721649  0.744016  0.654161  0.449042  1.000000   \n",
       "Forearm  0.530138  0.530138  0.603274  0.604301  0.578554  0.429429  0.701097   \n",
       "Wrist    0.602325  0.602325  0.626401  0.543670  0.655728  0.544988  0.613674   \n",
       "\n",
       "          Forearm     Wrist  \n",
       "Density -0.354636 -0.317813  \n",
       "Pct.BF   0.364709  0.339008  \n",
       "Age     -0.085116  0.217506  \n",
       "Weight   0.683333  0.725104  \n",
       "Height   0.321990  0.396985  \n",
       "Neck     0.660787  0.731185  \n",
       "Chest    0.599353  0.644477  \n",
       "Abdomen  0.530138  0.602325  \n",
       "Waist    0.530138  0.602325  \n",
       "Hip      0.603274  0.626401  \n",
       "Thigh    0.604301  0.543670  \n",
       "Knee     0.578554  0.655728  \n",
       "Ankle    0.429429  0.544988  \n",
       "Bicep    0.701097  0.613674  \n",
       "Forearm  1.000000  0.598328  \n",
       "Wrist    0.598328  1.000000  "
      ]
     },
     "execution_count": 59,
     "metadata": {},
     "output_type": "execute_result"
    }
   ],
   "source": [
    "pctbf_all.corr()"
   ]
  },
  {
   "cell_type": "code",
   "execution_count": 60,
   "metadata": {},
   "outputs": [
    {
     "data": {
